image_width: 320
image_height: 240
camera_name: narrow_stereo
camera_matrix:
  rows: 3
  cols: 3
  data: [234.27173,   0.     , 152.21328,
           0.     , 235.73518, 110.3044 ,
           0.     ,   0.     ,   1.     ]
distortion_model: plumb_bob
distortion_coefficients:
  rows: 1
  cols: 5
  data: [0.074529, -0.270251, -0.012791, -0.010400, 0.000000]
rectification_matrix:
  rows: 3
  cols: 3
  data: [1., 0., 0.,
         0., 1., 0.,
         0., 0., 1.]
projection_matrix:
  rows: 3
  cols: 4
  data: [234.86505,   0.     , 151.79087,   0.     ,
           0.     , 238.35779, 108.87263,   0.     ,
           0.     ,   0.     ,   1.     ,   0.     ]
